time,x,y,z,phi,theta,psi,x_velocity,y_velocity,z_velocity,phi_velocity,theta_velocity,psi_velocity,rotor_speed1,rotor_speed2,rotor_speed3,rotor_speed4
0.06,-1.40254864484e-06,2.28593936755e-07,10.0052845929,0.000207515901317,0.000875662668514,0.0,-0.000107328842062,2.02455687197e-05,0.176141569234,0.00960708361601,0.0340954728481,0.0,459.6119532875458,462.3057760364116,459.5095881921179,460.2703450365804
0.12000000000000001,-3.53323028236e-05,8.2560944514e-06,10.0201807156,0.000591343608583,0.00265456657267,0.0,-0.00123334390584,0.000300460716292,0.320365387255,-0.000952211744088,0.0188085081359,0.0,451.2784745898516,450.0432997618486,451.28901176480997,450.43594409354534
0.18,-0.000180756499778,4.06895570203e-05,10.0466653891,0.00020743918186,0.00336449647039,0.0,-0.00373445771371,0.000757376946921,0.562368725275,-0.0204636875322,-0.00819914336378,0.0,479.736931439455,477.68208017120526,482.00092511754724,480.524432811556
0.23999999999999996,-0.000476140699451,8.59728214126e-05,10.0845656133,6.28241681702,0.00265120283521,0.0,-0.00604789648457,0.000634566248112,0.700897028512,-0.00897032702471,-0.0205342053428,0.0,449.9263851679652,448.926867571825,448.72464147354054,449.6566258408677
0.3,-0.000894040219408,0.000105292675351,10.1317071704,6.28255380074,0.00126704080864,0.0,-0.00773555253209,-5.94726627123e-06,0.870374480429,0.0185015979232,-0.0286939182639,0.0,459.70197872349064,459.05500291532786,457.41163166417545,459.5938922860034
0.36000000000000004,-0.00137911105738,9.57288519136e-05,10.187712054,0.000176611521973,2.55254962829e-05,0.0,-0.00828026648508,-0.000208513997132,0.99635342387,0.000788243985003,-0.00819205129492,0.0,444.52577386561427,446.20238028182393,447.05649030553303,445.61093518621055
0.4200000000000001,-0.00187451752922,8.70916171635e-05,10.2510822496,6.28309346025,6.28269086174,0.0,-0.00818026163892,-8.79525533928e-05,1.11587705155,-0.017915064903,-0.00963173106076,0.0,444.1341091047703,444.01614850411096,444.81675652207997,443.282717329319
0.48000000000000015,-0.00235237064308,7.56901990261e-05,10.3225834054,6.28230987882,6.28244305243,0.0,-0.00770498339845,-0.00039233847406,1.26733892644,-0.00478568307544,0.00507187055115,0.0,453.87497310192504,455.0534499162513,453.3752632655135,454.4289152172244
0.5400000000000001,-0.00280074090899,3.33004336664e-05,10.4019544583,6.28253414039,6.28220530426,0.0,-0.00725899686608,-0.00101974957666,1.3782354813,0.0168752766386,-0.0362836372483,0.0,444.5119193686592,441.1102571375609,440.18277641518864,441.9714561043709
0.6000000000000002,-0.00320875246821,-3.71470045086e-05,10.4868335635,0.000259249820102,6.27982562106,0.0,-0.00611934680646,-0.00123403488387,1.4509779597,0.0115325624915,-0.0474548699483,0.0,429.56538066795457,428.6162170288715,431.26779588982663,430.8162398640334
0.6600000000000003,-0.0034820587123,-0.00010178326842,10.58051418,0.000953776395006,6.2773576885,0.0,-0.00267636515938,-0.000837564243512,1.67141221243,0.0116610657513,-0.0308011728525,0.0,474.55064438871756,475.8263124511611,476.01593599649146,476.02563533328987
0.7200000000000003,-0.00349451994679,-0.000126026244955,10.6871329079,0.00167723080127,6.27526558808,0.0,0.0024903441009,0.000113362099991,1.88222110663,0.0128390175025,-0.0445836343678,0.0,473.97221987059163,472.9114017474005,473.3325744402681,473.42307939953525
0.7800000000000004,-0.00315250305819,-7.63556203469e-05,10.8052862779,0.0032443401569,6.27230040261,0.0,0.00922340044938,0.00168305363431,2.05592556599,0.0443831345396,-0.0614620451862,0.0,463.0663050870314,461.7352486928222,462.4953776524431,464.97313909943307
0.8400000000000004,-0.00232596215057,0.000113105745532,10.9346379481,0.00599086076663,6.26898494219,0.0,0.0187296976012,0.00494670509232,2.25541891037,0.0484229249659,-0.0450876646673,0.0,470.2192696241108,471.48402178542347,471.75178901431775,472.0646955906964
0.9000000000000005,-0.000866680498646,0.000558793428569,11.0751185785,0.00882987331114,6.26602205533,0.0,0.0302248866885,0.0102306237782,2.42691364281,0.0450083595251,-0.0597594301459,0.0,464.82331055566465,463.6706816482008,463.5477020090604,463.2805569779927
0.9600000000000005,0.00133939589896,0.00137797234731,11.2250954951,0.0112959007839,6.26204122514,0.0,0.0437107851783,0.0173545576132,2.57199143166,0.0318425067415,-0.0846961164162,0.0,457.68966804226733,455.6973275027893,456.99545917659543,455.94566866226927
1.0200000000000005,0.00439543195039,0.00264846894212,11.3814090708,0.0134854487555,6.25754749192,0.0,0.058613365427,0.025193586203,2.6382967782,0.0444631140024,-0.0602742780136,0.0,432.38714283952754,434.43484314778664,431.2403862692834,432.30575381999836
1.0800000000000005,0.00849431887408,0.00446921045971,11.5441670119,0.0158582978315,6.25357790904,0.0,0.0784167046448,0.0357704586309,2.786602256,0.0272500087571,-0.0817760473025,0.0,460.0303219404604,458.32131404644105,458.70690663907254,457.3386764973954
1.1400000000000006,0.0139267505014,0.00700128561671,11.7175613669,0.0177337770028,6.24925454298,0.0,0.10318583163,0.0488310987302,2.99267161154,0.0382620868015,-0.0575258552317,0.0,475.02217493378686,476.8742627817011,476.80479834072463,477.6456051463649
1.2000000000000006,0.0209505831553,0.0103682304111,11.9035372958,0.0197923388858,6.24542710833,0.0,0.131348710895,0.0636498832992,3.20593059344,0.0249229580819,-0.0808433958244,0.0,480.4971215089886,478.72329346976346,480.44044560408844,479.42839805247746
1.2600000000000007,0.0297422576644,0.01466045273,12.1018008356,0.0214912005152,6.24114184211,0.0,0.162210671834,0.079598827984,3.40226270953,0.0343548665159,-0.0572313130534,0.0,474.85127184292054,476.6554009183768,475.9546195070557,476.67610075151185
1.3200000000000007,0.0403621787623,0.0198908246469,12.309049638,0.0231317887026,6.237395328,0.0,0.192138147201,0.0949356144066,3.50569427103,0.00715827631578,-0.0756995856384,0.0,450.2303561004314,448.730698897251,450.0160720616207,447.809303594012
1.3800000000000008,0.0530807832693,0.0261796851878,12.527256925,0.0237271567902,6.2334636036,0.0,0.232302906292,0.114738219588,3.76702554662,0.0149464596787,-0.0504910294338,0.0,496.0428190390309,497.8876975161013,495.86713515202,496.4388144545364
1.4400000000000008,0.0680290923603,0.033543509635,12.7556891106,0.0245774989578,6.23044504475,0.0,0.266259459062,0.13080212094,3.84708996082,0.0125774731891,-0.0499484652147,0.0,443.37202287881075,443.41499560628534,445.5225173986995,445.3286590561876
1.5000000000000009,0.0852736647012,0.041979753323,12.9926522277,0.025084322654,6.22689887963,0.0,0.30888741226,0.150463708556,4.05094981781,-0.00145493319946,-0.0924537809331,0.0,483.9055095724286,480.69224760605334,483.0124394152894,481.95285298791276
1.560000000000001,0.104917982034,0.051493653081,13.2374247188,0.0253916530175,6.22184913131,0.0,0.346413650617,0.166672767193,4.1078900242,0.0157968050842,-0.0713135344148,0.0,438.14586762557263,439.89394925742664,438.8232678311544,440.253068700752
1.620000000000001,0.127105679019,0.0620711069648,13.4888141774,0.0263168370138,6.21848660077,0.0,0.393551294232,0.185996731544,4.27112092907,0.0146547510023,-0.035938152056,0.0,471.3679971094385,474.0917262200805,472.2035062174658,472.1152759780454
1.680000000000001,0.152187124123,0.0738271996273,13.7499478627,0.0268582809185,6.21612765474,0.0,0.442704137473,0.205938311195,4.43268922559,-0.00568534569154,-0.0471089890196,0.0,473.47670207309216,472.6157251277674,474.18621191858557,472.62089809817405
1.740000000000001,0.180203156446,0.0867597886189,14.019742287,0.0270089167644,6.21365925779,0.0,0.491405467425,0.225126827094,4.55992416933,0.0152507258063,-0.0312900967064,0.0,463.25552119420263,464.49696920836317,463.83417509842116,465.4756029696191
1.8000000000000012,0.211297980092,0.100893313939,14.2987212514,0.0278960796961,6.21264964765,0.0,0.545187319192,0.246072061744,4.73861870118,0.0138401445882,0.00255317468635,0.0,479.4630164170653,482.0275876293068,480.54032484682955,480.43325123818096
1.8600000000000012,0.245584711624,0.116283769602,14.5877066719,0.0289708094408,6.21278610334,0.0,0.597636733575,0.267029792966,4.89355774147,0.025015103002,0.00171047339626,0.0,473.9813431095662,473.9165198995754,475.88163361589517,476.7362685843314
1.9200000000000013,0.283068505203,0.132980376449,14.886751203,0.030429618648,6.21246337754,0.0,0.651767275142,0.289668170079,5.07378439841,0.0228721527429,-0.025919713331,0.0,485.00099664638947,482.921158132231,483.8541763123521,483.692826270853
1.9800000000000013,0.323854195216,0.151086395668,15.197172491,0.0323225868329,6.2106494809,0.0,0.707880372947,0.314031449993,5.27264994721,0.0448693367392,-0.0406657400767,0.0,491.0985419336336,490.0031783090486,490.303791664145,491.9357701561952
2.0400000000000014,0.367649530078,0.17052364364,15.5140244034,0.0352953486443,6.20898012098,0.0,0.752129786605,0.334127905868,5.28896066449,0.0575553725847,-0.00998459482644,0.0,436.93763696577327,439.4880594377603,436.24304463269243,437.30278712886684
2.1000000000000014,0.41417155105,0.191245863203,15.8324930912,0.0383994627051,6.20790784244,0.0,0.798653056931,0.356912738119,5.32644815782,0.0363542575372,-0.0423980132089,0.0,444.880525050695,442.2180426166747,446.29532206596053,444.56287554216703
2.1600000000000015,0.463553038463,0.213410407696,16.1537606132,0.0405363233374,6.20527160508,0.0,0.847616696067,0.382098755943,5.38215242361,0.0340922114124,-0.0472076619282,0.0,451.3502799339763,450.9608190053731,450.29389744996,450.11137953840944
2.2200000000000015,0.516248679234,0.237296562456,16.4825142592,0.0426281362422,6.20311511115,0.0,0.909104950567,0.414304624685,5.57530922754,0.0363629375745,-0.0197132510709,0.0,491.52376252962335,493.5568495377488,492.0419748558425,492.2104621352136
2.2800000000000016,0.572357025086,0.262993409159,16.8188818855,0.0445310840065,6.20206757105,0.0,0.961245882156,0.44243988979,5.63659562595,0.0202635223466,-0.0132941369954,0.0,455.1735930550036,455.68718188846657,455.45288635858844,454.16354026643086
2.3400000000000016,0.632002520836,0.290628936133,17.1637434951,0.0465414605298,6.20226545739,0.0,1.02685591693,0.478894554765,5.85763259821,0.0517346133349,0.0245493586491,0.0,501.909608217836,504.64908410316474,501.1225865448403,503.40563763681627
2.4000000000000017,0.694873468596,0.320102284747,17.5132685345,0.0495593844589,6.20378612232,0.0,1.06873803591,0.503802664223,5.79350825202,0.0472612786177,0.0268887140978,0.0,418.11541198499816,418.31937014454536,417.71784932090475,417.3292563591213
2.4600000000000017,0.760631740888,0.351370841062,17.8640017033,0.0518239254802,6.20515585179,0.0,1.12299155948,0.538733888471,5.89703519365,0.000447392893235,0.0131331750504,0.0,470.77164745649435,469.7058997456597,472.38619805756025,468.762190156328
2.520000000000002,0.829882432561,0.384947936911,18.2243469592,0.0524769338474,6.20622112832,0.0,1.1851474276,0.580486557377,6.11330755065,0.0262205616546,0.0256842969637,0.0,503.62077629993667,504.52782219109264,503.189274691275,505.0518113091069
2.580000000000002,0.902170592178,0.420598347207,18.5890890243,0.0540204634292,6.20754524812,0.0,1.22435744165,0.607997190811,6.04511055562,0.0247166458838,0.0136266581805,0.0,420.21295336237694,419.1662124416876,419.7275738243248,419.5971674434942
2.640000000000002,0.977095657085,0.458142744543,18.9537861464,0.0551180339694,6.20875796884,0.0,1.27299938303,0.643589494509,6.11108055588,0.000598810200503,0.0308964677103,0.0,461.7078080740188,463.0685557687762,462.26016507503647,460.3552848147982
2.700000000000002,1.05497769119,0.497889655519,19.3233710906,0.0551271621683,6.21061618355,0.0,1.32282104317,0.681276321422,6.20788400836,-0.000756607502565,0.0311173676658,0.0,472.41729134013,472.43459100407637,471.4291878825322,471.3244205940642
2.760000000000002,1.13582461412,0.539910323826,19.6990106282,0.0549320309091,6.21247096126,0.0,1.37182265665,0.719363863303,6.31284821071,-0.0087802005294,0.0305010572244,0.0,476.001639503201,475.9547174994408,475.1081485334758,474.4925159867439
2.820000000000002,1.21934841969,0.584038205874,20.0778245773,0.054686259273,6.21436764876,0.0,1.41211984051,0.751527092682,6.31427491405,0.00392673247037,0.0337442071722,0.0,444.53329494771657,444.79938724581143,444.5348944755463,445.575241913455
2.880000000000002,1.30517491459,0.630031478872,20.4556076221,0.0547196714566,6.21646148613,0.0,1.44858643107,0.781599624341,6.27869197342,-0.00721857637505,0.0371086389775,0.0,433.3187989562357,433.60215522085826,432.99835877662133,432.0594884883976
2.940000000000002,1.39296205203,0.677672266661,20.8284351091,0.0539094521053,6.21862825712,0.0,1.47752720025,0.80642036075,6.14961340104,-0.0306473391749,0.0340434517269,0.0,400.86194799361385,400.5839762360089,402.22985362977704,400.1019152408525
3.000000000000002,1.48282971609,0.727101602777,21.1994031626,0.0519650651728,6.22127710187,0.0,1.51778289077,0.841013887656,6.21564797402,-0.0361789506237,0.0591132091246,0.0,461.52344971027696,463.4992712382192,463.72333152707273,463.2881628259956
3.0600000000000023,1.57491821534,0.778454839795,21.5721938558,0.049488706154,6.22565965668,0.0,1.55145755509,0.870555792894,6.21078055696,-0.0541471485283,0.091920444608,0.0,440.6810523851205,443.389073789603,441.9313768033366,440.4464883731923
3.1200000000000023,1.6689411375,0.831534790847,21.9447452561,0.0467820982136,6.2315863241,0.0,1.58211056181,0.898514267907,6.20768801973,-0.0313658571493,0.109814799524,0.0,441.6144406222948,443.0966161085726,440.6947820055748,442.57291351631665
3.1800000000000024,1.76483469925,0.886381237495,22.3200064341,0.0451709511036,6.23831503514,0.0,1.61360868533,0.92949563745,6.30058157269,-0.019083877718,0.11643658042,0.0,470.96748111781136,471.48981552404695,471.0692371448792,472.0180735115216
3.2400000000000024,1.86249521882,0.943079265455,22.7013970628,0.0440809568584,6.24557757418,0.0,1.6409389186,0.960289451679,6.41189369894,-0.016392433304,0.128942367094,0.0,476.71232782287683,477.679192946232,478.1221143535506,478.3272544234553
3.3000000000000025,1.96168539057,1.0016654145,23.0909353242,0.0431888753593,6.25327871835,0.0,1.66447350451,0.992433191847,6.57188519462,-0.0119814386222,0.127146856977,0.0,493.3105155283426,493.19115515385954,492.33204996628893,492.65849664245644
3.3600000000000025,2.06199388736,1.06199039227,23.4861519176,0.0423917050601,6.26155692634,0.0,1.6783649489,1.01831752755,6.60191118578,-0.0160323268161,0.153714791941,0.0,455.5079874210636,457.6447556100119,455.55902842338844,455.23504549133645
3.4200000000000026,2.16293188004,1.12377297158,23.8813209077,0.0414869815891,6.27081511344,0.0,1.68543234974,1.04102725497,6.57066610016,-0.0132367226338,0.155453104094,0.0,436.74280086481525,436.91073513609035,436.77374921074727,437.00699817609166
3.4800000000000026,2.26414449548,1.18695999847,24.2759849849,0.0418852361683,6.28027642825,0.0,1.68743927622,1.06519628923,6.58480762355,0.0304689016383,0.161816534689,0.0,450.49272047512045,451.030235196228,448.79779206087176,452.33210444614696
3.5400000000000027,2.36529768588,1.25165002883,24.6724277139,0.044068751069,0.00673940294005,0.0,1.68338309002,1.09131692586,6.62975455626,0.0461789263325,0.158703014546,0.0,460.368630444003,460.14575506749793,459.49699736719725,460.74155237121727
3.6000000000000028,2.46600414986,1.31801540716,25.073002416,0.0469666817479,0.0162780658683,0.0,1.6725026924,1.12112496984,6.72224194052,0.0522320182832,0.159520825475,0.0,475.3213044265916,475.4061675228828,474.1949488651456,474.6610703734463
3.660000000000003,2.56594666184,1.38598694768,25.4740252891,0.0496329799709,0.0260080443044,0.0,1.65813493558,1.14484153324,6.64568409858,0.0204272379203,0.166986116003,0.0,421.518327739879,422.1896532680195,425.4235471176781,422.69185481770745
3.720000000000003,2.66466046114,1.4557896381,25.8779412192,0.0507761074239,0.0357114044122,0.0,1.63120309308,1.18199365269,6.81721493539,0.0161495995739,0.148303753058,0.0,498.390959945094,497.04492087886536,498.0051420471174,497.69199965351453
3.780000000000003,2.76169846841,1.52762170375,26.287765789,0.0518251506009,0.0447458476927,0.0,1.60255596775,1.21248723313,6.84348449839,0.0200274934586,0.154761750944,0.0,455.88444073445277,456.42094064401107,457.385029607788,457.6937584663103
3.840000000000003,2.85678115121,1.60137145755,26.7004988831,0.0530594205117,0.0546537850474,0.0,1.5659133224,1.24592913244,6.9138896744,0.0216368358553,0.180380739062,0.0,469.0991195859398,471.10858483520843,470.84471615232866,470.9691910925947
3.900000000000003,2.94960477223,1.67701304667,27.1148709838,0.0541857266235,0.0653360678318,0.0,1.52725366057,1.27555972348,6.89863357532,0.0123184633778,0.172892867294,0.0,445.8757439376543,445.29388496563155,444.6677630871215,443.90350271745456
3.960000000000003,3.03973786966,1.75459499647,27.5310213711,0.0549781677552,0.0762626613443,0.0,1.47613296535,1.31054761577,6.97260905538,0.0149283376146,0.196051314817,0.0,470.40278456720466,472.22261248317005,472.89817481354083,473.09908537708037
4.020000000000002,3.12665028112,1.83423813942,27.9506592785,0.0557933256146,0.0876760001681,0.0,1.41984816608,1.34428039102,7.01506217917,0.0107562239134,0.174836014108,0.0,464.10968868578857,462.4743690869629,463.9321063674717,463.6042025697011
4.080000000000001,3.20994784754,1.91593021727,28.3730620029,0.0565772329557,0.0986056366994,0.0,1.35572678862,1.37882862323,7.06470509351,0.0173234459677,0.193795194402,0.0,464.51271782909674,466.0275839464771,466.98624503894143,467.4982337531322
4.14,3.28951865186,1.99951975686,28.7950975158,0.0580297711248,0.10999211365,0.0,1.29567231044,1.40759983756,7.00349261705,0.0352889853103,0.180209891561,0.0,432.75873146443496,431.64938593385676,431.0804663191633,432.5964280730508
4.199999999999998,3.36485211119,2.08509463181,29.2174698968,0.0605085924027,0.121064383744,0.0,1.21440864229,1.4450864649,7.07506902883,0.0512400142015,0.192019373002,0.0,472.0831925112984,473.0244050173597,472.6865277162191,473.915227639689
4.259999999999997,3.435227281,2.17289888652,29.6429755411,0.0635297536366,0.132410152451,0.0,1.1303918621,1.481979601,7.10814337446,0.0485168730393,0.182505463266,0.0,462.0980177482932,461.38048901325243,462.9997139301402,462.786853749452
4.319999999999996,3.49978576454,2.26323778033,30.0746099753,0.0659476216052,0.143128639159,0.0,1.02048099604,1.52954408362,7.27845981779,0.0138498009952,0.169521372972,0.0,503.9271243572356,503.01406308522553,504.49602433122794,501.98666472367825
4.379999999999995,3.55858103455,2.35598811076,30.5091047501,0.0670589567445,0.153437943529,0.0,0.938520781561,1.56221994534,7.20505601457,0.0265272709282,0.176059932932,0.0,431.6720352097395,432.2528197982799,430.57321567003174,431.64467808959114
4.439999999999993,3.61209979747,2.45080067309,30.9404529892,0.0687980314362,0.163839694176,0.0,0.84455610606,1.59832956646,7.17327339457,0.0334939847614,0.167342856186,0.0,444.9327380135326,444.247129639112,443.8536361932223,444.4254195075387
4.499999999999992,3.65981707566,2.54780384255,31.3698362467,0.0706126458588,0.173607288499,0.0,0.745195033816,1.63525988135,7.13954405966,0.0227889970149,0.1516580019,0.0,443.27603127862886,442.010060635875,445.0926790648422,444.2157597576497
4.559999999999991,3.70118597921,2.6471396663,31.7984764347,0.0719162253534,0.182434940799,0.0,0.633022108099,1.67602219568,7.14822252169,0.0195116837413,0.136048790342,0.0,458.4786016659126,457.2558632112065,456.37033566427266,456.10859754866885
4.6199999999999894,3.73593320288,2.74883947456,32.2262293543,0.0730976190219,0.191061493415,0.0,0.524536419689,1.71405594637,7.11025179125,0.0200439268551,0.155922936418,0.0,442.0439436014781,443.6981530454009,442.51271836926605,442.556506586972
4.679999999999988,3.7642232028,2.85276501777,32.6507051729,0.0737397508697,0.200245469585,0.0,0.417715516555,1.75021345704,7.03917138305,-0.0245642924499,0.146643170742,0.0,432.0162992007509,431.25572846588636,433.7634546077476,429.9999467953885
4.739999999999987,3.78565107775,2.95897120202,33.0724477293,0.0728380031093,0.208830440076,0.0,0.295844892488,1.78986552474,7.01883141963,-0.000703935725854,0.134803275613,0.0,449.20971335966095,448.26712362696014,445.993788401889,447.9389098436074
4.799999999999986,3.79973695661,3.06750226194,33.4924493243,0.0725611202061,0.216545287476,0.0,0.173055014079,1.82780303667,6.98122176611,-0.0138844223296,0.111706165671,0.0,443.72510075918706,441.83928398370983,442.700925741592,441.614849679493
4.859999999999984,3.80701934309,3.17807499675,33.9071182485,0.071903308142,0.223340316518,0.0,0.0691354220864,1.85792703072,6.84171050285,-0.00568241599848,0.116170313558,0.0,408.63345482706967,409.0439409850921,406.5301441017881,407.26474334958647
4.919999999999983,3.80761504989,3.29055899286,34.3150141476,0.0727449112876,0.230606268572,0.0,-0.0498444590153,1.89156872108,6.75508472908,0.0377356853874,0.129473471609,0.0,424.22367960723625,425.37861483411564,422.9712156648001,426.69508716084147
4.979999999999982,3.79956861396,3.40550853283,34.7236059388,0.0749763315781,0.237962463703,0.0,-0.218918320164,1.94022874167,6.86364626406,0.0360769704343,0.10307079341,0.0,486.7446824808982,484.77616729524834,487.01970582798106,486.89611148846075
5.0399999999999805,3.78128704522,3.52340400373,35.1384821524,0.0770432588376,0.244225497878,0.0,-0.390855378005,1.98974986937,6.96460251788,0.0309763138859,0.10688667189,0.0,486.13571790782055,486.4300897798508,486.03407183461695,485.6519380636036
